21207
49920
3704
21280
33894
43400
64554
36302
18331
30268
19099
26415
43631
40103
59163
41784
13813
22363
42925
40743
6004
64440
35977
12321
45809
42842
56067
32467
17070
48864
26515
15519
46869
39469
25957
47107
6511
28008
3018
61352
46025
62067
55892
274
51410
20214
60557
4547
55690
33591
11520
28684
49458
43150
34456
41653
26625
21354
47352
16791
46085
26383
5507
7787
51210
45416
33065
3412
13698
1530
13382
4309
44627
51675
24322
27940
3864
45475
55593
46529
27228
28404
40874
14212
21229
29152
31099
44194
2007
46201
62734
41770
51478
5624
19710
47791
17545
35428
37335
38355
26958
15698
30915
29256
59975
52212
31480
57022
13002
19185
46682
34153
9064
23895
49488
45506
24096
54161
12065
5426
14593
41135
8344
52013
42083
48916
15808
21230
28565
29126
30696
24557
43710
25817
6994
59895
54334
24297
36985
40764
57957
24778
49335
64345
7159
30409
53011
29762
6876
49929
21711
18635
22690
38524
55510
48217
47256
47915
44551
10427
8881
30790
47575
3469
59203
33570
33149
57241
4096
21682
33883
56943
28771
47634
1189
60530
9997
53812
32105
52643
25444
37215
48973
34595
15720
56597
32796
47996
22824
9762
28473
27371
43573
57342
8386
49144
56476
58169
44694
61872
41934
4648
65098
25704
56543
64092
38937
62586
54083
50460
10948
51019
64874
10916
4989
17965
50730
63675
23023
47247
13839
2565
23395
50859
37038
21832
14336
47937
2858
17649
41274
17494
41472
39522
35149
55756
37045
53351
20426
63182
27420
28825
18613
23898
58522
23429
56913
12629
31180
8423
32125
7857
52691
4494
10184
46606
23833
48136
14721
39852
2815
10076
60106
16093
23682
39179
30683
46362
29004
56069
31507
4293
8822
29101
20787
3459
8746
29337
22757
56573
26630
51275
15821
41128
31746
41254
63813
35894
46024
51378
37263
34912
60906
43046
34691
16633
64372
49473
28207
13150
46897
5435
26682
64459
10930
31425
58549
54188
26153
35490
27676
64208
1832
15345
45777
39939
14518
34399
6299
43752
59819
47887
17833
54338
34850
61225
20618
24140
17752
51872
25764
426
5130
4230
14123
36477
56210
8651
29132
17206
50652
56259
55907
17135
12517
26533
61445
65488
25014
31706
54334
12668
49388
6145
24159
42338
59690
1985
9300
21513
22632
28774
20109
12299
4973
18644
50424
12239
25497
5262
15570
18925
3785
16754
64878
10563
47688
63121
28935
46462
11514
4364
49826
42467
44173
45409
65232
21168
4037
19978
60803
4176
32578
10923
32463
62626
4190
24805
23461
62896
39334
46509
23087
48421
58987
41236
47460
43255
19188
26280
49950
21694
51291
43980
14415
64067
60268
22886
54926
45867
52173
33660
32393
20955
65481
20658
25482
41172
5095
17757
29413
24963
38013
47404
11285
15722
32336
4197
62149
14098
57935
47718
61922
10716
33559
27200
14360
45780
50470
32651
16086
54115
10858
59587
48472
6504
49634
21789
22372
19118
40657
25990
15255
64136
22031
49723
60325
61064
56110
57355
37881
5082
59615
19920
23917
47058
19
64463
21515
65319
17729
29753
29106
17297
4873
54482
34694
40972
58077
33621
15818
42
64108
32109
64606
23311
64995
49629
6381
58544
25580
1566
42509
48790
13582
14187
3605
33689
44273
46616
41072
44882
45565
30735
39456
12627
56069
30500
484
25578
36129
59634
42793
2248
13050
55568
58100
13365
45544
55418
39926
55032
51974
13723
50725
35484
39425
28969
2074
30267
53745
9897
5751
6413
7358
34234
26522
20828
52923
44922
60895
42650
56245
40588
26651
7831
43601
39670
7366
47466
17948
35494
38858
2859
25081
48013
3177
12860
27819
16931
9947
63903
44766
46910
3244
48020
4533
34075
42189
57129
40544
36937
19317
2664
45316
14701
56743
46787
48892
13519
34741
49694
3360
57565
51665
33760
27458
50456
59712
58887
22805
61539
24726
48696
5630
14460
15384
55616
36390
55099
27660
33439
30408
18898
31946
12114
25300
63597
8288
810
54015
28440
34426
19957
29793
1669
48098
60738
23818
46289
37135
63359
20050
16678
59116
49124
14314
53648
43247
23231
4973
49279
49997
34870
20356
64287
45229
11876
11200
25288
35938
40306
62314
5585
5394
60761
46511
41550
22026
34993
39643
19899
10528
58015
27942
22005
11999
57072
48012
9951
23235
24536
26964
25401
15989
51485
38371
49427
26664
30913
23519
33923
59720
60063
16166
10229
64057
23206
41237
45789
1281
35859
49605
40620
51496
48359
4919
19361
44683
63188
22320
40639
58428
41459
10041
32083
53667
45529
42362
21085
46599
3971
24672
42124
39101
23141
54151
21882
59103
57191
52789
48856
34814
44624
13669
56025
65027
50028
41335
24406
27407
1353
22058
65119
53702
44942
63831
30197
61346
46655
48632
8542
63407
40544
37623
54449
52069
2827
63012
35449
62202
14363
35544
25691
41471
17903
10979
12969
38170
19393
36687
4191
44965
59830
14340
45489
5211
59234
60652
14679
27226
27657
58648
60127
34492
4798
23793
9958
17657
10807
50986
45735
26185
48107
50577
57469
46041
10887
50682
503
12273
1019
13627
11612
19181
24947
15957
21117
39041
46299
61943
31409
54846
57660
19545
25156
9630
21302
23943
9678
17615
4626
57496
54989
18246
5740
18519
44570
42012
24885
31357
41477
8457
35397
58658
45382
15233
27613
41861
6411
15907
16522
10987
34918
49647
65131
12171
27350
57692
22430
59312
20632
11929
14753
13368
61401
15419
11101
33820
10892
1242
42123
8732
29163
41154
44643
35200
5507
13471
60808
5309
61085
59509
55735
8204
58851
53710
32660
25049
30034
12181
65068
23066
33274
33818
22986
26821
54316
4961
64541
51489
16391
18886
18709
59793
46417
42257
31628
31684
2318
9907
36511
47732
58151
21400
34248
44683
54124
63543
55222
15682
40881
54638
30157
46979
47683
14408
27134
3874
12748
8567
40973
704
21622
4406
6764
35155
44032
42317
49505
43380
36632
5053
25321
32096
40928
2446
37450
19537
38674
32334
62926
45510
47276
6928
25488
8160
21669
34641
50590
48275
49036
60519
16955
14650
57833
9874
4833
4730
63668
62880
39224
3283
48617
33117
2573
18048
32630
60590
10106
40724
51348
22055
35818
41502
28829
58423
24859
53351
37937
42155
53755
59353
58194
25659
26186
15655
42482
34330
63915
19696
46330
47481
34312
29615
53217
39495
9
24516
34916
19824
60770
35651
31095
37311
33833
39123
46727
31272
14161
